#START7777
#--------------------------------------------------------------------------------------------------
#  TA     : 정시기온 (C) 
#  WD     : 정시 10분 평균 풍향 (degee) 
#  WS     : 정시 10분 평균 풍속 (m/s) 
#  RN_DAY : 해당시간까지의 일강수량 (mm) 
#  RN_HR1 : 1시간 강수량 (mm) 
#  HM     : 정시습도 (%) 
#  PA     : 정시 현지기압 (hPa) 
#  PS     : 정시 해면기압 (hPa) 
#--------------------------------------------------------------------------------------------------
# YYMMDDHHMI   STN     TA     WD     WS RN_DAY RN_HR1     HM     PA     PS
#        KST    ID      C    deg    m/s     mm     mm      %    hPa    hPa
202606190000   108   24.7  234.9    2.1    0.0    0.0   65.5  999.4 1009.2
202606190100   108   24.2  270.5    2.1    0.0    0.0   66.6  999.4 1009.2
202606190200   108   23.8  283.1    1.4    0.0    0.0   66.4  999.1 1008.9
202606190300   108   23.4   57.6    0.1    0.0    0.0   67.7  998.9 1008.7
202606190400   108   23.0   33.4    1.1    0.0    0.0   71.0  998.6 1008.4
202606190500   108   22.7   46.5    1.7    0.0    0.0   72.4  998.8 1008.6
202606190600   108   22.7   29.7    1.7    0.0    0.0   75.2  998.8 1008.6
202606190700   108   24.1   45.0    1.3    0.0    0.0   71.8  999.0 1008.8
202606190800   108   26.0   53.4    1.8    0.0    0.0   66.4  999.0 1008.7
202606190900   108   28.0   49.2    2.2    0.0    0.0   60.6  998.6 1008.2
202606191000   108   29.7   41.5    1.8    0.0    0.0   53.7  998.2 1007.8
202606191100   108   31.7   99.5    1.6    0.0    0.0   46.7  997.8 1007.3
202606191200   108   32.3  119.7    1.8    0.0    0.0   45.7  997.1 1006.6
202606191300   108   32.9  134.4    2.7    0.0    0.0   43.0  996.7 1006.2
202606191400   108   33.0  208.1    2.6    0.0    0.0   43.8  995.9 1005.4
202606191500   108   33.3  188.3    3.1    0.0    0.0   41.8  995.5 1004.9
202606191600   108   31.4  293.4    3.1    0.0    0.0   51.0  995.6 1005.1
202606191700   108   25.6  269.3    2.2    2.0    2.0   74.1  996.0 1005.7
202606191800   108   24.8   42.1    1.9    2.0    0.0   76.5  995.7 1005.4
202606191900   108   24.1  292.0    0.8    6.4    4.4   86.3  996.0 1005.8
202606192000   108   23.9   41.0    2.9    6.9    0.5   88.4  995.8 1005.6
202606192100   108   23.7   55.1    3.1    7.1    0.2   88.5  996.0 1005.8
202606192200   108   23.5   51.8    2.5    7.3    0.2   88.9  995.8 1005.6
202606192300   108   23.3   47.0    2.8    7.6    0.3   88.7  994.9 1004.7
202606200000   108   23.0   59.6    2.6    8.0    0.4   90.1  993.9 1003.7
202606200100   108   22.7   57.6    2.7    0.5    0.5   91.6  992.3 1002.1
202606200200   108   22.3   55.5    3.3   10.3    9.8   95.1  991.2 1001.0
202606200300   108   22.0   56.9    3.3   20.0    9.7   95.7  989.8  999.6
202606200400   108   21.6   55.5    3.6   27.4    7.4   96.4  988.6  998.4
202606200500   108   21.2   59.5    4.0   39.3   11.9   96.9  987.6  997.4
202606200600   108   21.1   54.9    4.0   54.6   15.3   97.3  987.1  996.9
202606200700   108   21.0   55.3    4.6   60.0    5.4   97.4  986.6  996.4
202606200800   108   20.6   58.8    4.9   62.9    2.9   95.8  986.5  996.3
202606200900   108   20.8   60.5    3.3   63.3    0.4   95.1  986.6  996.4
202606201000   108   20.6   65.1    3.1   64.1    0.8   95.4  986.5  996.3
202606201100   108   20.6   51.3    4.5   69.2    5.1   96.5  986.8  996.6
202606201200   108   20.9   59.0    4.0   70.4    1.2   95.5  987.1  996.9
202606201300   108   21.3   54.6    3.1   70.9    0.5   95.7  987.4  997.2
202606201400   108   21.4   51.8    2.5   71.2    0.3   93.3  987.9  997.7
202606201500   108   21.7   40.7    3.0   71.7    0.5   93.7  988.6  998.4
202606201600   108   22.1   44.4    2.2   71.7    0.0   89.1  989.2  999.0
202606201700   108   22.3   21.8    2.0   71.7    0.0   83.5  990.1  999.9
202606201800   108   22.0   33.8    2.4   71.7    0.0   84.9  990.9 1000.7
202606201900   108   21.2  345.2    2.4   71.7    0.0   82.6  992.0 1001.8
202606202000   108   21.0  263.4    1.6   71.7    0.0   83.5  992.7 1002.5
202606202100   108   20.9  305.9    2.3   71.7    0.0   81.0  993.5 1003.3
202606202200   108   20.8  255.5    1.5   71.7    0.0   82.8  994.5 1004.4
202606202300   108   20.7  257.0    1.1   71.7    0.0   81.6  995.2 1005.1
202606210000   108   20.6  289.4    0.6   71.7    0.0   79.5  995.1 1005.0
202606210100   108   20.4  291.1    0.7    0.0    0.0   77.7  995.6 1005.5
202606210200   108   20.3  270.4    0.7    0.0    0.0   77.4  996.4 1006.3
202606210300   108   20.0  346.8    0.7    0.0    0.0   72.4  996.9 1006.8
202606210400   108   19.9   63.2    0.9    0.0    0.0   72.6  997.5 1007.4
202606210500   108   19.8  346.4    1.0    0.0    0.0   77.4  998.2 1008.1
202606210600   108   19.8   56.6    1.7    0.0    0.0   76.1  998.9 1008.8
202606210700   108   20.2   57.0    1.8    0.0    0.0   74.5  999.4 1009.3
202606210800   108   20.7   30.1    2.3    0.0    0.0   74.5 1000.0 1009.9
202606210900   108   21.6   55.7    1.6    0.0    0.0   69.7 1000.2 1010.1
202606211000   108   23.7   79.8    2.0    0.0    0.0   64.2 1000.2 1010.0
202606211100   108   24.9   69.6    1.7    0.0    0.0   55.8 1000.1 1009.9
202606211200   108   26.3  266.9    1.8    0.0    0.0   53.6  999.7 1009.4
202606211300   108   26.6  222.5    1.4    0.0    0.0   52.9  999.2 1008.9
202606211400   108   27.6  291.9    2.5    0.0    0.0   52.1  999.0 1008.7
202606211500   108   27.4  259.9    2.1    0.0    0.0   52.5  999.0 1008.7
202606211600   108   27.1  253.7    1.4    0.0    0.0   53.0  999.0 1008.7
202606211700   108   27.0    8.0    1.4    0.0    0.0   52.7  998.9 1008.6
202606211800   108   26.4  311.4    2.4    0.0    0.0   56.1  998.8 1008.5
202606211900   108   25.9  320.9    2.2    0.0    0.0   58.3  998.9 1008.6
202606212000   108   25.4  323.5    1.8    0.0    0.0   59.9  999.3 1009.0
202606212100   108   24.8  310.4    2.9    0.0    0.0   67.0 1000.0 1009.8
202606212200   108   24.0  287.1    3.5    0.0    0.0   69.8 1000.2 1010.0
202606212300   108   23.6  294.4    1.9    0.0    0.0   73.2 1000.1 1009.9
202606220000   108   23.2  264.7    1.1    0.0    0.0   74.8  999.8 1009.6
202606220100   108   22.9  284.9    0.9    0.0    0.0   75.1  999.5 1009.3
202606220200   108   22.5   17.5    1.1    0.0    0.0   77.8  999.4 1009.2
202606220300   108   22.2   28.8    1.4    0.0    0.0   76.9  999.0 1008.9
202606220400   108   21.8   32.2    1.5    0.0    0.0   77.9  998.9 1008.8
202606220500   108   21.5   34.6    1.8    0.0    0.0   80.3  998.9 1008.8
202606220600   108   21.3   42.7    1.5    0.0    0.0   79.2  999.1 1009.0
202606220700   108   21.7   36.5    2.4    0.0    0.0   79.0  999.6 1009.5
202606220800   108   22.9   61.5    1.5    0.0    0.0   74.6  999.7 1009.5
202606220900   108   24.1   49.4    1.9    0.0    0.0   67.5  999.8 1009.6
202606221000   108   25.1   41.4    2.0    0.0    0.0   65.5  999.5 1009.2
202606221100   108   26.4   74.8    1.3    0.0    0.0   60.7  999.2 1008.9
202606221200   108   27.2  167.7    2.5    0.0    0.0   57.7  998.9 1008.6
202606221300   108   27.4  146.5    3.1    0.0    0.0   55.2  998.7 1008.4
202606221400   108   27.9  237.2    1.9    0.0    0.0   56.3  998.5 1008.1
202606221500   108   27.4  289.5    2.6    0.0    0.0   58.5  998.1 1007.8
202606221600   108   27.0  261.9    2.9    0.0    0.0   60.5  997.7 1007.4
202606221700   108   26.4  269.5    3.4    0.0    0.0   56.7  997.8 1007.5
202606221800   108   26.0  257.6    2.7    0.0    0.0   58.8  998.0 1007.7
202606221900   108   25.8  265.9    2.1    0.0    0.0   60.5  998.4 1008.1
202606222000   108   25.0  280.0    1.9    0.0    0.0   65.1  999.1 1008.8
202606222100   108   24.2  280.9    1.6    0.0    0.0   68.2  999.8 1009.6
202606222200   108   23.8  280.0    1.5    0.0    0.0   70.1 1000.6 1010.4
202606222300   108   23.2   10.6    0.9    0.0    0.0   73.3 1000.8 1010.6
202606230000   108   22.9   36.8    2.3    0.0    0.0   73.7 1000.6 1010.4
202606230100   108   22.3   25.5    2.2    0.0    0.0   76.9 1000.2 1010.1
202606230200   108   21.7   41.1    1.6    0.0    0.0   76.9 1000.0 1009.9
202606230300   108   21.3   40.8    2.0    0.0    0.0   82.9 1000.1 1010.0
202606230400   108   21.3   45.8    1.7    0.0    0.0   82.7 1000.1 1010.0
202606230500   108   21.1   52.7    3.0    0.0    0.0   82.0 1000.5 1010.4
202606230600   108   20.9   58.8    2.1    0.0    0.0   79.9 1000.8 1010.7
202606230700   108   21.5   53.4    3.0    0.0    0.0   77.0 1000.8 1010.7
202606230800   108   23.1   64.1    2.6    0.0    0.0   70.4 1000.8 1010.6
202606230900   108   24.8   89.5    2.8    0.0    0.0   66.8 1000.7 1010.5
202606231000   108   26.2   62.5    2.6    0.0    0.0   57.0 1000.8 1010.5
202606231100   108   27.3   85.8    3.4    0.0    0.0   49.4 1000.6 1010.3
202606231200   108   28.3   85.7    2.3    0.0    0.0   45.4 1000.3 1009.9
202606231300   108   29.0   56.6    3.6    0.0    0.0   42.6  999.8 1009.4
202606231400   108   29.5   80.8    3.0    0.0    0.0   38.2  999.4 1009.0
202606231500   108   30.6   93.3    2.6    0.0    0.0   35.1  998.9 1008.5
202606231600   108   30.6  127.4    2.6    0.0    0.0   33.1  998.5 1008.1
202606231700   108   30.8   56.9    2.2    0.0    0.0   34.3  998.3 1007.8
202606231800   108   30.3   50.4    2.3    0.0    0.0   34.6  998.5 1008.1
202606231900   108   29.3   40.8    2.6    0.0    0.0   38.0  998.7 1008.3
202606232000   108   28.2  319.5    0.8    0.0    0.0   40.4  999.0 1008.6
202606232100   108   26.5  259.6    2.4    0.0    0.0   54.4 1000.0 1009.7
202606232200   108   25.6  144.7    2.6    0.0    0.0   54.1 1000.5 1010.2
202606232300   108   24.5  131.5    2.5    0.0    0.0   54.0 1001.1 1010.9
202606240000   108   23.4  109.5    2.8    0.0    0.0   56.3 1000.9 1010.7
202606240100   108   22.5  115.9    2.3    0.0    0.0   59.3 1000.7 1010.6
202606240200   108   22.0   63.3    1.7    0.0    0.0   63.3 1000.8 1010.7
202606240300   108   21.3   56.6    2.2    0.0    0.0   66.1 1000.6 1010.5
202606240400   108   20.5   86.3    2.4    0.0    0.0   66.5 1000.3 1010.2
202606240500   108   19.7   84.1    2.7    0.0    0.0   64.8 1000.3 1010.3
202606240600   108   19.2   69.5    2.3    0.0    0.0   61.0 1000.5 1010.5
202606240700   108   19.7   66.5    2.6    0.0    0.0   59.2 1000.3 1010.3
202606240800   108   21.0   56.0    2.7    0.0    0.0   56.0 1000.3 1010.2
202606240900   108   22.6   66.0    3.0    0.0    0.0   52.4  999.9 1009.7
202606241000   108   23.4   60.6    3.2    0.0    0.0   50.5 1000.0 1009.8
202606241100   108   24.6   76.5    2.9    0.0    0.0   50.6  999.6 1009.4
202606241200   108   26.0   61.8    2.4    0.0    0.0   45.2  999.1 1008.8
202606241300   108   26.7   85.6    3.0    0.0    0.0   44.3  998.9 1008.6
202606241400   108   27.3   64.3    2.4    0.0    0.0   44.0  998.4 1008.1
202606241500   108   27.6   56.7    2.4    0.0    0.0   44.2  997.8 1007.4
202606241600   108   27.9   60.0    2.4    0.0    0.0   46.1  997.0 1006.6
202606241700   108   28.6   39.5    1.9    0.0    0.0   42.9  996.7 1006.3
202606241800   108   28.5   49.4    2.2    0.0    0.0   43.1  996.5 1006.1
202606241900   108   27.6   31.1    2.3    0.0    0.0   46.2  996.5 1006.1
202606242000   108   26.4  122.8    2.2    0.0    0.0   50.6  996.6 1006.3
202606242100   108   25.7   56.7    1.6    0.0    0.0   53.3  997.0 1006.7
202606242200   108   24.9  129.7    2.7    0.0    0.0   53.3  997.4 1007.1
202606242300   108   24.0  134.7    2.4    0.0    0.0   55.4  997.4 1007.2
202606250000   108   23.3  112.5    2.2    0.0    0.0   56.4  997.0 1006.8
202606250100   108   22.7   63.4    1.7    0.0    0.0   57.0  996.7 1006.5
202606250200   108   22.3   48.9    3.2    0.0    0.0   59.7  996.6 1006.4
202606250300   108   21.8   53.0    2.2    0.0    0.0   61.0  996.5 1006.3
202606250400   108   21.2   48.8    2.8    0.0    0.0   60.0  996.1 1006.0
202606250500   108   21.1   50.0    2.8    0.0    0.0   59.8  996.5 1006.4
202606250600   108   21.2   50.8    2.7    0.0    0.0   57.1  996.7 1006.6
202606250700   108   21.5   74.9    2.7    0.0    0.0   57.6  996.6 1006.5
202606250800   108   22.3   40.4    2.6    0.0    0.0   56.0  996.8 1006.6
202606250900   108   22.8   44.5    2.6    0.0    0.0   55.8  996.6 1006.4
202606251000   108   23.2   80.3    1.6    0.0    0.0   55.7  996.5 1006.3
202606251100   108   23.2   39.9    2.5    0.0    0.0   58.0  996.5 1006.3
202606251200   108   23.5  110.7    2.1    0.0    0.0   63.5  996.0 1005.8
202606251300   108   23.0   53.2    2.8    0.0    0.0   71.1  995.4 1005.2
202606251400   108   23.1   75.3    2.0    0.0    0.0   70.6  995.3 1005.1
202606251500   108   23.6   43.3    2.3    0.0    0.0   70.0  994.6 1004.4
202606251600   108   23.9   51.2    2.1    0.0    0.0   69.0  994.4 1004.1
202606251700   108   23.7   44.3    1.7    0.0    0.0   68.8  994.1 1003.8
202606251800   108   23.6   47.5    1.6    0.0    0.0   68.9  994.4 1004.2
202606251900   108   23.4   29.5    1.4    0.0    0.0   69.5  994.8 1004.6
202606252000   108   22.8   40.1    1.8    0.0    0.0   70.8  994.9 1004.7
202606252100   108   21.9  308.7    4.6    0.0    0.0   77.1  995.4 1005.2
202606252200   108   20.9   45.6    2.0    0.3    0.3   79.8  995.9 1005.8
202606252300   108   20.4   40.6    1.7    0.3    0.0   80.4  995.6 1005.5
202606260000   108   19.6   40.3    1.9    0.3    0.0   82.6  995.6 1005.5
202606260100   108   19.2   10.5    1.0    0.0    0.0   83.0  995.4 1005.3
202606260200   108   18.7   67.0    1.3    0.0    0.0   82.9  995.3 1005.2
202606260300   108   18.1   50.0    2.2    0.0    0.0   84.1  995.7 1005.7
202606260400   108   17.6   51.7    1.8    0.0    0.0   86.3  995.8 1005.8
202606260500   108   17.4   58.7    1.5    0.0    0.0   85.1  996.1 1006.1
202606260600   108   17.3   52.6    1.6    0.0    0.0   83.2  996.4 1006.4
202606260700   108   18.4   32.9    1.8    0.0    0.0   82.8  996.2 1006.2
202606260800   108   20.6   28.5    2.0    0.0    0.0   72.1  996.5 1006.4
202606260900   108   22.2  159.9    1.5    0.0    0.0   68.2  996.6 1006.4
202606261000   108   23.3  280.3    2.5    0.0    0.0   64.9  996.7 1006.5
202606261100   108   24.4  277.8    1.6    0.0    0.0   58.3  996.4 1006.1
202606261200   108   24.9  216.0    1.3    0.0    0.0   57.0  996.4 1006.1
202606261300   108   26.5  280.2    2.8    0.0    0.0   54.9  996.0 1005.7
202606261400   108   27.8   75.8    2.1    0.0    0.0   45.4  995.4 1005.0
202606261500   108   28.4  337.4    3.5    0.0    0.0   43.9  995.0 1004.6
202606261600   108   29.5  331.4    2.3    0.0    0.0   41.2  994.9 1004.5
202606261700   108   29.8  142.6    1.3    0.0    0.0   42.0  994.7 1004.2
202606261800   108   28.9  222.2    1.7    0.0    0.0   43.1  995.1 1004.7
202606261900   108   27.7  269.2    1.8    0.0    0.0   47.6  995.2 1004.8
202606262000   108   26.2  251.9    3.0    0.0    0.0   58.4  995.8 1005.5
202606262100   108   25.1  296.7    2.1    0.0    0.0   62.3  996.4 1006.1
202606262200   108   24.3  307.1    1.1    0.0    0.0   64.8  996.3 1006.0
202606262300   108   23.8  278.1    1.1    0.0    0.0   66.4  996.3 1006.1
202606270000   108   23.2  287.4    0.2    0.0    0.0   67.7  996.2 1006.0
202606270100   108   22.6  287.1    1.2    0.0    0.0   72.2  996.0 1005.8
202606270200   108   22.0  281.4    1.1    0.0    0.0   75.0  995.6 1005.4
202606270300   108   21.5  271.1    0.3    0.0    0.0   74.0  995.4 1005.2
202606270400   108   21.1   61.3    1.0    0.0    0.0   75.2  995.6 1005.5
202606270500   108   20.9  358.3    0.7    0.0    0.0   76.1  995.6 1005.5
202606270600   108   20.8  343.9    0.8    0.0    0.0   78.2  995.6 1005.5
202606270700   108   21.4  276.9    1.0    0.0    0.0   78.6  995.6 1005.4
202606270800   108   23.2  268.8    2.0    0.0    0.0   71.9  995.7 1005.5
202606270900   108   25.0  148.0    0.4    0.0    0.0   66.3  995.9 1005.6
202606271000   108   26.8  202.0    1.5    0.0    0.0   58.4  995.7 1005.4
202606271100   108   28.2   96.1    1.2    0.0    0.0   53.5  995.5 1005.1
202606271200   108   29.9   43.9    2.2    0.0    0.0   49.4  995.3 1004.8
202606271300   108   31.2  101.8    1.6    0.0    0.0   43.8  994.9 1004.4
202606271400   108   30.2  232.0    1.9    0.0    0.0   41.5  994.7 1004.2
202606271500   108   31.6  246.0    2.6    0.0    0.0   45.1  994.4 1003.9
202606271600   108   31.9  274.6    2.9    0.0    0.0   43.3  994.1 1003.6
202606271700   108   31.1  251.3    2.6    0.0    0.0   48.2  994.1 1003.6
202606271800   108   30.4   13.3    3.1    0.0    0.0   48.6  994.2 1003.7
202606271900   108   29.2  287.8    2.2    0.0    0.0   54.7  994.6 1004.2
202606272000   108   28.0  259.1    3.3    0.0    0.0   55.2  995.0 1004.6
202606272100   108   26.8  292.5    3.3    0.0    0.0   60.2  995.5 1005.2
202606272200   108   25.5  219.0    1.8    0.0    0.0   63.4  996.1 1005.8
202606272300   108   24.8  259.4    2.0    0.0    0.0   67.9  996.6 1006.3
202606280000   108   24.5  252.9    1.5    0.0    0.0   69.4  996.9 1006.6
202606280100   108   24.1  209.9    1.3    0.0    0.0   68.7  997.1 1006.9
202606280200   108   23.5  279.9    1.5    0.0    0.0   70.3  997.0 1006.8
202606280300   108   22.9  294.1    0.8    0.0    0.0   72.4  997.2 1007.0
202606280400   108   22.7  315.7    0.7    0.0    0.0   73.1  997.4 1007.2
202606280500   108   22.3  275.9    0.4    0.0    0.0   74.2  997.6 1007.4
202606280600   108   21.8  260.9    1.2    0.0    0.0   70.8  998.2 1008.1
202606280700   108   22.4  188.4    0.6    0.0    0.0   71.3  998.4 1008.2
202606280800   108   24.7  111.1    2.2    0.0    0.0   67.4  998.9 1008.7
202606280900   108   26.3  115.5    1.5    0.0    0.0   63.6  999.2 1008.9
202606281000   108   27.7  154.0    2.2    0.0    0.0   57.9  999.2 1008.9
202606281100   108   29.1  154.5    2.1    0.0    0.0   53.6  999.3 1008.9
202606281200   108   30.3  239.7    2.5    0.0    0.0   50.7  999.1 1008.7
202606281300   108   30.6  210.2    1.6    0.0    0.0   49.3  998.8 1008.4
202606281400   108   29.7  240.8    2.9    0.0    0.0   56.2  998.8 1008.4
202606281500   108   30.5  210.8    3.3    0.0    0.0   49.8  998.1 1007.7
202606281600   108   29.1  291.1    2.5    0.0    0.0   58.4  998.2 1007.8
202606281700   108   30.1  269.5    3.9    0.0    0.0   52.7  998.3 1007.9
202606281800   108   29.1  271.1    3.5    0.0    0.0   48.6  998.7 1008.3
202606281900   108   27.4  268.6    2.7    0.0    0.0   51.1  999.2 1008.9
202606282000   108   25.9  247.8    3.1    0.0    0.0   48.1  999.5 1009.2
202606282100   108   24.8  292.4    2.5    0.0    0.0   59.2 1000.2 1010.0
202606282200   108   24.1  263.8    1.9    0.0    0.0   63.4 1000.7 1010.5
202606282300   108   23.7  251.6    2.5    0.0    0.0   68.4 1001.1 1010.9
202606290000   108   23.3  269.2    1.6    0.0    0.0   69.7 1001.3 1011.1
202606290100   108   22.8  273.7    1.2    0.0    0.0   70.0 1001.6 1011.5
202606290200   108   22.3  290.5    0.8    0.0    0.0   71.9 1001.3 1011.2
202606290300   108   22.0  281.1    1.5    0.0    0.0   76.4 1001.3 1011.2
202606290400   108   21.6  274.9    1.6    0.0    0.0   78.5 1001.4 1011.3
202606290500   108   21.7  271.9    1.7    0.0    0.0   85.0 1001.9 1011.8
202606290600   108   22.0  289.7    1.5    0.0    0.0   84.7 1002.1 1012.0
202606290700   108   22.5  232.1    1.6    0.0    0.0   81.5 1002.5 1012.4
202606290800   108   23.0  299.5    0.9    0.0    0.0   79.0 1002.4 1012.3
202606290900   108   24.1  285.1    1.3    0.0    0.0   74.6 1002.5 1012.3
202606291000   108   26.3  316.6    1.6    0.0    0.0   69.8 1002.5 1012.2
202606291100   108   28.0  278.0    2.2    0.0    0.0   62.0 1002.4 1012.1
202606291200   108   29.1  267.7    2.0    0.0    0.0   58.5 1002.2 1011.8
202606291300   108   30.4  255.7    1.9    0.0    0.0   53.1 1001.8 1011.4
202606291400   108   32.0  233.3    2.3    0.0    0.0   49.4 1001.2 1010.7
202606291500   108   32.2  278.7    2.4    0.0    0.0   47.1 1000.8 1010.3
202606291600   108   31.2  293.5    1.8    0.0    0.0   48.5 1000.6 1010.2
202606291700   108   31.1  252.5    3.8    0.0    0.0   53.2 1000.5 1010.1
202606291800   108   30.3  263.4    3.4    0.0    0.0   55.7 1000.5 1010.1
202606291900   108   28.2  269.5    2.9    0.0    0.0   59.7 1001.1 1010.8
202606292000   108   26.7  267.1    2.5    0.0    0.0   61.5 1001.5 1011.2
202606292100   108   25.7  263.7    1.2    0.0    0.0   62.5 1002.1 1011.9
202606292200   108   24.6  253.2    1.7    0.0    0.0   63.1 1002.4 1012.2
202606292300   108   24.1  259.9    1.9    0.0    0.0   66.6 1002.5 1012.3
202606300000   108   23.8  254.0    2.9    0.0    0.0   70.1 1002.6 1012.4
202606300100   108   23.6  255.3    2.4    0.0    0.0   70.7 1002.6 1012.4
202606300200   108   23.4  255.9    1.4    0.0    0.0   72.5 1003.0 1012.8
202606300300   108   23.4  255.3    2.3    0.0    0.0   65.2 1003.1 1012.9
202606300400   108   23.2  264.2    1.1    0.0    0.0   64.4 1002.5 1012.3
202606300500   108   23.0  330.2    1.3    0.0    0.0   68.2 1002.6 1012.5
202606300600   108   22.9  287.4    0.9    0.0    0.0   69.0 1002.9 1012.8
202606300700   108   23.4  275.9    1.4    0.0    0.0   69.7 1002.8 1012.6
202606300800   108   24.5  296.0    1.9    0.0    0.0   67.4 1003.2 1013.0
202606300900   108   25.6  268.8    2.2    0.0    0.0   61.2 1003.3 1013.1
202606301000   108   26.9  248.2    1.6    0.0    0.0   57.6 1002.9 1012.6
202606301100   108   28.3  298.5    2.2    0.0    0.0   52.8 1002.4 1012.1
202606301200   108   29.6   70.3    0.8    0.0    0.0   51.1 1001.8 1011.4
202606301300   108   30.1  254.5    3.1    0.0    0.0   50.3 1001.5 1011.1
202606301400   108   30.5  281.7    1.9    0.0    0.0   48.7 1000.7 1010.3
202606301500   108   31.6  172.4    1.7    0.0    0.0   46.9 1000.2 1009.7
202606301600   108   30.6  260.7    3.1    0.0    0.0   50.0  999.7 1009.3
202606301700   108   30.2  252.5    4.2    0.0    0.0   50.8  999.6 1009.2
202606301800   108   29.7  284.3    3.5    0.0    0.0   50.3  999.6 1009.2
202606301900   108   28.3  261.5    3.4    0.0    0.0   49.3  999.6 1009.2
202606302000   108   27.1  273.4    2.8    0.0    0.0   54.8  999.9 1009.6
202606302100   108   26.4  296.2    2.4    0.0    0.0   50.2 1000.2 1009.9
202606302200   108   25.9  283.5    2.6    0.0    0.0   52.2 1000.4 1010.1
202606302300   108   25.6  292.7    2.8    0.0    0.0   53.1 1000.3 1010.0
202607010000   108   24.9  296.2    2.1    0.0    0.0   58.8 1000.0 1009.8
202607010100   108   24.5  292.8    1.5    0.0    0.0   59.9  999.5 1009.3
202607010200   108   24.2  269.7    0.6    0.0    0.0   61.4  998.8 1008.6
202607010300   108   24.0  279.5    0.9    0.0    0.0   62.6  998.7 1008.5
202607010400   108   23.8  286.6    0.9    0.0    0.0   61.9  998.4 1008.2
202607010500   108   23.7   26.3    1.4    0.0    0.0   66.7  998.2 1008.0
202607010600   108   23.9   61.3    1.4    0.0    0.0   69.3  998.1 1007.9
202607010700   108   24.4   52.9    2.5    0.0    0.0   70.2  997.8 1007.6
202607010800   108   24.9   46.9    2.5    0.0    0.0   68.4  998.0 1007.7
202607010900   108   26.1   54.9    2.1    0.0    0.0   64.7  997.8 1007.5
202607011000   108   27.6   76.4    1.5    0.0    0.0   60.3  997.6 1007.2
202607011100   108   29.4   96.6    1.5    0.0    0.0   54.9  997.2 1006.8
202607011200   108   30.1   68.9    2.2    0.0    0.0   54.1  996.7 1006.3
202607011300   108   31.1   60.3    2.1    0.0    0.0   52.2  996.1 1005.6
202607011400   108   30.9  117.7    1.6    0.0    0.0   50.6  995.8 1005.3
202607011500   108   31.1   70.0    1.2    0.0    0.0   47.8  995.1 1004.6
202607011600   108   30.6  202.4    1.7    0.0    0.0   47.1  994.6 1004.1
#7777END

